$ANSIBLE_VAULT;1.1;AES256
31303264313037326431656362656239393334306133373630343732343163623934333632336265
3363646161313136656637313063626562353564633862370a613033616431333831386565333135
32333663383366626534373939346432656136356463633566303031376338346233383336613338
6630343434313538350a323734393730396535396664613661643833633330393633636636653934
31656439623831653938313862396163333534333264633534633335313932663333323462306237
61393131363761383039333666656137303464633135653036376631336462373535363838306431
39646665353861393632393061383662343365626338393839303534363063356138396630346331
30366130353466346236323731386238623662303033343362356339373139653830363136323039
34333365346662656366316336336137363163363365636431663936373833396563356364356162
35656531353634383463663935366231333663653361383437313664376563616461326634326162
62613139313030333736633361396132633536636665393261313062653463663935383732353265
38353964306563376638333863656333303037393161616239653131623237393634393334663162
31653934313434323261636232623566323232356665636364366336623334323463386536663464
3838636565333736326466643332643762376366346561323234
